1.46623093700000
1.48462783200000
1.42306130700000
1.43185505700000
1.48204814400000
1.54723944500000
1.75852988300000
2.07199143900000
2.25583818000000
2.36331515500000
2.39603403400000
2.43058900100000
2.46200314100000
2.53271559300000
2.36181722200000
2.17102262200000
2.17239435100000
2.13222855200000
2.15169377300000
2.17427626300000
2.20042930000000
2.24007931500000
2.34299516900000
2.45883099300000
2.57258970300000
2.61252750100000
2.61070689800000
2.70243655600000
2.84313985300000
3.09769049600000
3.13731787100000
3.27806356100000
3.45531547100000
3.58143514100000
3.81589041100000
4.07604702400000
4.51542605300000
4.69019182000000
4.83587223600000
4.95600298300000
5.81165919300000
6.49298245600000
6.33333333300000
6.68939393900000
6.67619047600000
6.06666666700000
9.07058823500000