0.99920508079 	0.00013388113 	0.00000000000 	0.00020918927 	0.00045184881 	0.03846153846 	0.84615384615 	0.10576923077 	0.00000000000 	0.00961538462 	0.02222222222 	0.00000000000 	0.95555555556 	0.00000000000 	0.02222222222 	0.00000000000 	0.78260869565 	0.08695652174 	0.13043478261 	0.00000000000 	0.00000000000 	0.00000000000 	0.00000000000 	0.00000000000 	1.00000000000 
0.99885946978 	0.00008448372 	0.00002534512 	0.00032103814 	0.00070966325 	0.04166666667 	0.82407407407 	0.13425925926 	0.00000000000 	0.00000000000 	0.02641509434 	0.00000000000 	0.94716981132 	0.00754716981 	0.01886792453 	0.17391304348 	0.56521739130 	0.06521739130 	0.17391304348 	0.02173913043 	0.00000000000 	0.00000000000 	0.00000000000 	0.00000000000 	1.00000000000 
0.99846865884 	0.00024809438 	0.00002566494 	0.00046196884 	0.00079561301 	0.03892215569 	0.85928143713 	0.08383233533 	0.01497005988 	0.00299401198 	0.04661016949 	0.00000000000 	0.93644067797 	0.00423728814 	0.01271186441 	0.18666666667 	0.52000000000 	0.10666666667 	0.18666666667 	0.00000000000 	0.00000000000 	0.00000000000 	0.00000000000 	0.00000000000 	1.00000000000 
0.99831787046 	0.00025145235 	0.00001734154 	0.00048556317 	0.00092777248 	0.02823529412 	0.84941176471 	0.09647058824 	0.01411764706 	0.01176470588 	0.03321678322 	0.00000000000 	0.94405594406 	0.00699300699 	0.01573426573 	0.29166666667 	0.50000000000 	0.06944444444 	0.12500000000 	0.01388888889 	0.00000000000 	0.00000000000 	0.00000000000 	0.00000000000 	1.00000000000 
0.99779467546 	0.00037049452 	0.00000882130 	0.00070570385 	0.00112030486 	0.02745098039 	0.83137254902 	0.13137254902 	0.00196078431 	0.00784313725 	0.04367816092 	0.00000000000 	0.93448275862 	0.00689655172 	0.01494252874 	0.22641509434 	0.57547169811 	0.03773584906 	0.16037735849 	0.00000000000 	0.00000000000 	0.00000000000 	0.00000000000 	0.00000000000 	1.00000000000 
0.99681428069 	0.00062270434 	0.00000902470 	0.00099271707 	0.00156127320 	0.03693444137 	0.93536472761 	0.00092336103 	0.01015697138 	0.01662049861 	0.03244837758 	0.00000000000 	0.95280235988 	0.00000000000 	0.01474926254 	0.25694444444 	0.52777777778 	0.00000000000 	0.20138888889 	0.01388888889 	0.00000000000 	0.00000000000 	0.00000000000 	0.00000000000 	1.00000000000 
0.99675904920 	0.00072226904 	0.00000000000 	0.00112970285 	0.00138897892 	0.04258849558 	0.92975663717 	0.00331858407 	0.00829646018 	0.01603982301 	0.01631701632 	0.00000000000 	0.96037296037 	0.00699300699 	0.01631701632 	0.27840909091 	0.48863636364 	0.00000000000 	0.22727272727 	0.00568181818 	0.00000000000 	0.00000000000 	0.00000000000 	0.00000000000 	1.00000000000 
0.99603408594 	0.00082742092 	0.00000000000 	0.00139805604 	0.00174043711 	0.03586206897 	0.93609195402 	0.00643678161 	0.00781609195 	0.01379310345 	0.03038674033 	0.00000000000 	0.94198895028 	0.00552486188 	0.02209944751 	0.32579185520 	0.38461538462 	0.00000000000 	0.28054298643 	0.00904977376 	0.00000000000 	0.00000000000 	0.00000000000 	0.00000000000 	1.00000000000 
0.99561897855 	0.00093108957 	0.00000000000 	0.00166616028 	0.00178377160 	0.03551812523 	0.94177956792 	0.00146466496 	0.00915415599 	0.01208348590 	0.04716981132 	0.00000000000 	0.92924528302 	0.00000000000 	0.02358490566 	0.24820143885 	0.46043165468 	0.01079136691 	0.26258992806 	0.01798561151 	0.00000000000 	0.00000000000 	0.00000000000 	0.00000000000 	1.00000000000 
0.99505972869 	0.00111358575 	0.00001012351 	0.00208544240 	0.00173111966 	0.03471174162 	0.93812254754 	0.00633866586 	0.00845155448 	0.01237549049 	0.02926829268 	0.00000000000 	0.93170731707 	0.00975609756 	0.02926829268 	0.29192546584 	0.37888198758 	0.00000000000 	0.31987577640 	0.00931677019 	0.00000000000 	0.00000000000 	0.00000000000 	0.00000000000 	1.00000000000 
0.99455221061 	0.00107066381 	0.00004198682 	0.00214132762 	0.00219381114 	0.02964028777 	0.92748201439 	0.01812949640 	0.00978417266 	0.01496402878 	0.02923976608 	0.00000000000 	0.93762183236 	0.01364522417 	0.01949317739 	0.23940149626 	0.34912718204 	0.00498753117 	0.39401496259 	0.01246882793 	0.00000000000 	0.00000000000 	0.00000000000 	0.00000000000 	1.00000000000 
0.99387864412 	0.00120240919 	0.00005465496 	0.00248133533 	0.00238295640 	0.03236151603 	0.92361516035 	0.01690962099 	0.01137026239 	0.01574344023 	0.01752336449 	0.00000000000 	0.95210280374 	0.01401869159 	0.01635514019 	0.23376623377 	0.30519480519 	0.01731601732 	0.43290043290 	0.01082251082 	0.00000000000 	0.00000000000 	0.00000000000 	0.00000000000 	1.00000000000 
0.99332975455 	0.00153050152 	0.00002284331 	0.00292394321 	0.00219295741 	0.02958919851 	0.92789428325 	0.01867279517 	0.00890548693 	0.01493823614 	0.01987899741 	0.00000000000 	0.95332757131 	0.01210025929 	0.01469317200 	0.21489001692 	0.25719120135 	0.00338409475 	0.50761421320 	0.01692047377 	0.00000000000 	0.00000000000 	0.00000000000 	0.00000000000 	1.00000000000 
0.99255116583 	0.00177239141 	0.00001197562 	0.00312563620 	0.00253883094 	0.03117692907 	0.91634190699 	0.02234346584 	0.01221096389 	0.01792673422 	0.02496433666 	0.00000000000 	0.94864479315 	0.00713266762 	0.01925820257 	0.18972895863 	0.23395149786 	0.00285306705 	0.56348074180 	0.00998573466 	0.00000000000 	0.00000000000 	0.00000000000 	0.00000000000 	1.00000000000 
0.99135566349 	0.00207615069 	0.00002516546 	0.00400130860 	0.00254171175 	0.03301384452 	0.91986155485 	0.02129925453 	0.01038338658 	0.01544195953 	0.02694235589 	0.00000000000 	0.95112781955 	0.00689223058 	0.01503759398 	0.17895878525 	0.19956616052 	0.00542299349 	0.60737527115 	0.00867678959 	0.00000000000 	0.00000000000 	0.00000000000 	0.00000000000 	1.00000000000 
0.99110057154 	0.00235808209 	0.00003996749 	0.00398342681 	0.00251795207 	0.02586605081 	0.92401847575 	0.02078521940 	0.01108545035 	0.01824480370 	0.02770935961 	0.00000000000 	0.94211822660 	0.01231527094 	0.01785714286 	0.14914914915 	0.18218218218 	0.00800800801 	0.64164164164 	0.01901901902 	0.00000000000 	0.00000000000 	0.00000000000 	0.00000000000 	1.00000000000 
0.98920444873 	0.00236906316 	0.00007093003 	0.00527719458 	0.00307836350 	0.03046789989 	0.91991294886 	0.02045701850 	0.01458106638 	0.01458106638 	0.02589758682 	0.00000000000 	0.94349617422 	0.01000588582 	0.02060035315 	0.13140794224 	0.14440433213 	0.00577617329 	0.70469314079 	0.01371841155 	0.00000000000 	0.00000000000 	0.00000000000 	0.00000000000 	1.00000000000 
0.98914848018 	0.00280720819 	0.00007546259 	0.00514654834 	0.00282230070 	0.02860802733 	0.92570452605 	0.01900085397 	0.01110162254 	0.01558497011 	0.01964085297 	0.00000000000 	0.94725028058 	0.01571268238 	0.01739618406 	0.12205975842 	0.13159567705 	0.00127145582 	0.73172282263 	0.01335028608 	0.00000000000 	0.00000000000 	0.00000000000 	0.00000000000 	1.00000000000 
0.98735658335 	0.00318523093 	0.00008125589 	0.00591542887 	0.00346150096 	0.03077863840 	0.91540970241 	0.02242152466 	0.01263758663 	0.01875254790 	0.02534791252 	0.00000000000 	0.94731610338 	0.01292246521 	0.01441351889 	0.12693682956 	0.11263408820 	0.00476758045 	0.73837902265 	0.01728247914 	0.00000000000 	0.00000000000 	0.00000000000 	0.00000000000 	1.00000000000 
0.98645590274 	0.00336848015 	0.00012280917 	0.00640362112 	0.00364918683 	0.02458169800 	0.92584176823 	0.01673208015 	0.01384011568 	0.01900433795 	0.01903807615 	0.00000000000 	0.94789579158 	0.01553106212 	0.01753507014 	0.09293320426 	0.09874152953 	0.00290416263 	0.79186834463 	0.01355275895 	0.00000000000 	0.00000000000 	0.00000000000 	0.00000000000 	1.00000000000 
0.98570165661 	0.00313256717 	0.00013452742 	0.00697620786 	0.00405504093 	0.02374551971 	0.89784946237 	0.04614695341 	0.01478494624 	0.01747311828 	0.01675309134 	0.00000000000 	0.94535301157 	0.01675309134 	0.02114080574 	0.07781599312 	0.08125537403 	0.00429922614 	0.81728288908 	0.01934651763 	0.00000000000 	0.00000000000 	0.00000000000 	0.00000000000 	1.00000000000 
0.98445267054 	0.00306716023 	0.00016922263 	0.00763617134 	0.00467477525 	0.02572523262 	0.89600437876 	0.04679802956 	0.01477832512 	0.01669403394 	0.02416418405 	0.00000000000 	0.94141012910 	0.01588877855 	0.01853690831 	0.06177197317 	0.07236145429 	0.00105894811 	0.84504059301 	0.01976703142 	0.00000000000 	0.00000000000 	0.00000000000 	0.00000000000 	1.00000000000 
0.98212146129 	0.00350052860 	0.00025842829 	0.00951485963 	0.00460472219 	0.02630773937 	0.89507494647 	0.04190884062 	0.01682471704 	0.01988375650 	0.01722391084 	0.00000000000 	0.94157379264 	0.02195204323 	0.01925025329 	0.06437258974 	0.04776030851 	0.00296647879 	0.86354197567 	0.02135864729 	0.00000000000 	0.00000000000 	0.00000000000 	0.00000000000 	1.00000000000 
0.98192612137 	0.00411609499 	0.00015831135 	0.00907651715 	0.00472295515 	0.02798742138 	0.89842767296 	0.03584905660 	0.01729559748 	0.02044025157 	0.01604668125 	0.00000000000 	0.94237782640 	0.02151714077 	0.02005835157 	0.05941143809 	0.05080510827 	0.00416435314 	0.86507495836 	0.02054414214 	0.00000000000 	0.00000000000 	0.00000000000 	0.00000000000 	1.00000000000 
0.97881545577 	0.00537072952 	0.00038788602 	0.01032373564 	0.00510219305 	0.02647527911 	0.88803827751 	0.04720893142 	0.01786283892 	0.02041467305 	0.01929012346 	0.00000000000 	0.93634259259 	0.01967592593 	0.02469135802 	0.05000000000 	0.04098360656 	0.00136612022 	0.88415300546 	0.02349726776 	0.00000000000 	0.00000000000 	0.00000000000 	0.00000000000 	1.00000000000 
0.97880685337 	0.00450698411 	0.00010321338 	0.01090621345 	0.00567673570 	0.02102973169 	0.89231327049 	0.04242204496 	0.02139231327 	0.02284263959 	0.01523046092 	0.00000000000 	0.93827655311 	0.02164328657 	0.02484969940 	0.04509754244 	0.03369647834 	0.00101342792 	0.89865720801 	0.02153534330 	0.00000000000 	0.00000000000 	0.00000000000 	0.00000000000 	1.00000000000 
0.97708549948 	0.00507878109 	0.00023994241 	0.01187714948 	0.00571862753 	0.02401656315 	0.89275362319 	0.03975155280 	0.02194616977 	0.02153209110 	0.01519337017 	0.00000000000 	0.94198895028 	0.01795580110 	0.02486187845 	0.03436657682 	0.02560646900 	0.00157232704 	0.92093441150 	0.01752021563 	0.00000000000 	0.00000000000 	0.00000000000 	0.00000000000 	1.00000000000 
0.97561433127 	0.00534608891 	0.00051585068 	0.01252110298 	0.00600262615 	0.02301444043 	0.88898916968 	0.04287003610 	0.02436823105 	0.02075812274 	0.01336760925 	0.00000000000 	0.93778920308 	0.02262210797 	0.02622107969 	0.03515203796 	0.01833081734 	0.00172525340 	0.92236359715 	0.02242829416 	0.00000000000 	0.00000000000 	0.00000000000 	0.00000000000 	1.00000000000 
0.97307387714 	0.00514764114 	0.00022626994 	0.01414187125 	0.00741034054 	0.01502890173 	0.88959537572 	0.05260115607 	0.02312138728 	0.01965317919 	0.01297353399 	0.00000000000 	0.94084068500 	0.02335236118 	0.02283341982 	0.02240199129 	0.01742377100 	0.00103712923 	0.93694254304 	0.02219456544 	0.00000000000 	0.00000000000 	0.00000000000 	0.00000000000 	1.00000000000 
0.97182316608 	0.00541328336 	0.00034700534 	0.01589284475 	0.00652370046 	0.01544163064 	0.83261272390 	0.10438542310 	0.02038295244 	0.02717726992 	0.00894568690 	0.00000000000 	0.94121405751 	0.02428115016 	0.02555910543 	0.02773279352 	0.01113360324 	0.00242914980 	0.93542510121 	0.02327935223 	0.00000000000 	0.00000000000 	0.00000000000 	0.00000000000 	1.00000000000 
0.96812339332 	0.00000000000 	0.00634104542 	0.01790916881 	0.00762639246 	0.01544163064 	0.83261272390 	0.10438542310 	0.02038295244 	0.02717726992 	0.01381628081 	0.00000000000 	0.93726661688 	0.02576549664 	0.02315160568 	0.02165313346 	0.00000000000 	0.01228398917 	0.94461794712 	0.02144493025 	0.00000000000 	0.00000000000 	0.00000000000 	0.00000000000 	1.00000000000 
0.97028312081 	0.00000000000 	0.00669980549 	0.01556083856 	0.00745623514 	0.01544163064 	0.83261272390 	0.10438542310 	0.02038295244 	0.02717726992 	0.01249461439 	0.00000000000 	0.93795777682 	0.02498922878 	0.02455838001 	0.01687407720 	0.00000000000 	0.00970259439 	0.95211980595 	0.02130352246 	0.00000000000 	0.00000000000 	0.00000000000 	0.00000000000 	1.00000000000 
0.96392949857 	0.00000000000 	0.00655827299 	0.02131438721 	0.00819784124 	0.01544163064 	0.83261272390 	0.10438542310 	0.02038295244 	0.02717726992 	0.01503759398 	0.00000000000 	0.93018259936 	0.02470461869 	0.03007518797 	0.01456521739 	0.00000000000 	0.00978260870 	0.95369565217 	0.02195652174 	0.00000000000 	0.00000000000 	0.00000000000 	0.00000000000 	1.00000000000 
0.96582733813 	0.00000000000 	0.00467625899 	0.01942446043 	0.01007194245 	0.01544163064 	0.83261272390 	0.10438542310 	0.02038295244 	0.02717726992 	0.00982615268 	0.00000000000 	0.93046107332 	0.03174603175 	0.02796674225 	0.01426566885 	0.00000000000 	0.00584658559 	0.95509822264 	0.02478952292 	0.00000000000 	0.00000000000 	0.00000000000 	0.00000000000 	1.00000000000 
0.96125328869 	0.00000000000 	0.00837120306 	0.02200430519 	0.00837120306 	0.01544163064 	0.83261272390 	0.10438542310 	0.02038295244 	0.02717726992 	0.00972762646 	0.00000000000 	0.93968871595 	0.03112840467 	0.01945525292 	0.01275045537 	0.00000000000 	0.00390320062 	0.95862607338 	0.02472027062 	0.00000000000 	0.00000000000 	0.00000000000 	0.00000000000 	1.00000000000 
0.96484131923 	0.00000000000 	0.00404480398 	0.02302426882 	0.00808960797 	0.01544163064 	0.83261272390 	0.10438542310 	0.02038295244 	0.02717726992 	0.00898203593 	0.00000000000 	0.91616766467 	0.04640718563 	0.02844311377 	0.01137761378 	0.00000000000 	0.00246002460 	0.95141451415 	0.03474784748 	0.00000000000 	0.00000000000 	0.00000000000 	0.00000000000 	1.00000000000 
0.96951219512 	0.00000000000 	0.00284552846 	0.02113821138 	0.00650406504 	0.01544163064 	0.83261272390 	0.10438542310 	0.02038295244 	0.02717726992 	0.00721153846 	0.00000000000 	0.92788461538 	0.04086538462 	0.02403846154 	0.00761973875 	0.00000000000 	0.00290275762 	0.96480406386 	0.02467343977 	0.00000000000 	0.00000000000 	0.00000000000 	0.00000000000 	1.00000000000 
0.94809069212 	0.00000000000 	0.00656324582 	0.03221957041 	0.01312649165 	0.01544163064 	0.83261272390 	0.10438542310 	0.02038295244 	0.02717726992 	0.00626959248 	0.00000000000 	0.92163009404 	0.02821316614 	0.04388714734 	0.00657894737 	0.00000000000 	0.00232198142 	0.97136222910 	0.01973684211 	0.00000000000 	0.00000000000 	0.00000000000 	0.00000000000 	1.00000000000 
0.94850948509 	0.00000000000 	0.00722673893 	0.02981029810 	0.01445347787 	0.01544163064 	0.83261272390 	0.10438542310 	0.02038295244 	0.02717726992 	0.00796812749 	0.00000000000 	0.92430278884 	0.02390438247 	0.04382470120 	0.00816326531 	0.00000000000 	0.00408163265 	0.96190476190 	0.02585034014 	0.00000000000 	0.00000000000 	0.00000000000 	0.00000000000 	1.00000000000 
0.94993234100 	0.00000000000 	0.00541271989 	0.03788903924 	0.00676589986 	0.01544163064 	0.83261272390 	0.10438542310 	0.02038295244 	0.02717726992 	0.01675977654 	0.00000000000 	0.93854748603 	0.03910614525 	0.00558659218 	0.00379198267 	0.00000000000 	0.00162513543 	0.97291440953 	0.02166847237 	0.00000000000 	0.00000000000 	0.00000000000 	0.00000000000 	1.00000000000 
0.94736842105 	0.00000000000 	0.00438596491 	0.03508771930 	0.01315789474 	0.01544163064 	0.83261272390 	0.10438542310 	0.02038295244 	0.02717726992 	0.00000000000 	0.00000000000 	0.92366412214 	0.03816793893 	0.03816793893 	0.00571428571 	0.00000000000 	0.00190476190 	0.96190476190 	0.03047619048 	0.00000000000 	0.00000000000 	0.00000000000 	0.00000000000 	1.00000000000 
0.95297805643 	0.00000000000 	0.02194357367 	0.02194357367 	0.00313479624 	0.01544163064 	0.83261272390 	0.10438542310 	0.02038295244 	0.02717726992 	0.00909090909 	0.00000000000 	0.92727272727 	0.03636363636 	0.02727272727 	0.00341588386 	0.00000000000 	0.00170794193 	0.97011101623 	0.02476515798 	0.00000000000 	0.00000000000 	0.00000000000 	0.00000000000 	1.00000000000 
0.97983870968 	0.00000000000 	0.00403225806 	0.01612903226 	0.00000000000 	0.00000000000 	0.00000000000 	0.00000000000 	0.00000000000 	0.00000000000 	0.00000000000 	0.00000000000 	0.89873417722 	0.03797468354 	0.06329113924 	0.00210748156 	0.00000000000 	0.00105374078 	0.97681770285 	0.02002107482 	0.00000000000 	0.00000000000 	0.00000000000 	0.00000000000 	1.00000000000 
0.91111111111 	0.00000000000 	0.00555555556 	0.05555555556 	0.02777777778 	0.00000000000 	0.00000000000 	0.00000000000 	0.00000000000 	0.00000000000 	0.00000000000 	0.00000000000 	0.91176470588 	0.02941176471 	0.05882352941 	0.01063829787 	0.00000000000 	0.00000000000 	0.97074468085 	0.01861702128 	0.00000000000 	0.00000000000 	0.00000000000 	0.00000000000 	1.00000000000 
0.96850393701 	0.00000000000 	0.00000000000 	0.02362204724 	0.00787401575 	0.00000000000 	0.00000000000 	0.00000000000 	0.00000000000 	0.00000000000 	0.00000000000 	0.00000000000 	0.92307692308 	0.07692307692 	0.00000000000 	0.00310077519 	0.00000000000 	0.00000000000 	0.97519379845 	0.02170542636 	0.00000000000 	0.00000000000 	0.00000000000 	0.00000000000 	1.00000000000 
0.82352941176 	0.00000000000 	0.00000000000 	0.07352941176 	0.10294117647 	0.00000000000 	0.00000000000 	0.00000000000 	0.00000000000 	0.00000000000 	0.00000000000 	0.00000000000 	0.80000000000 	0.20000000000 	0.00000000000 	0.00569259962 	0.00000000000 	0.00000000000 	0.90322580645 	0.09108159393 	0.00000000000 	0.00000000000 	0.00000000000 	0.00000000000 	1.00000000000 
0.00000000000 	0.00000000000 	0.00000000000 	0.00000000000 	0.00000000000 	0.00000000000 	0.00000000000 	0.00000000000 	0.00000000000 	0.00000000000 	0.00000000000 	0.00000000000 	0.00000000000 	0.00000000000 	0.00000000000 	0.00000000000 	0.00000000000 	0.00000000000 	0.00000000000 	0.00000000000 	0.00000000000 	0.00000000000 	0.00000000000 	0.00000000000 	1.00000000000 
