*********************************************************************
deductile grid is :1
10th to 90th 
0.938119	0.534494	0.991906	1	0.898153	0.502991	0.971109	1	0.823592	0.472685	0.862351	1	0.738767	0.440343	0.733376	1	0.655154	0.400551	0.625685	1	0.553129	0.350486	0.497993	1	0.432448	0.297609	0.331367	1	0.29014	0.218412	0.176272	1	0.138993	0.101708	0.0916265	1	*********************************************************************
*********************************************************************
deductile grid is :1
10th to 90th 
0.938119	0	0.938119	1	0.898153	0	0.898153	1	0.823592	0	0.823592	1	0.738767	0	0.738767	1	0.655154	0	0.655154	1	0.553129	0	0.553129	1	0.432448	0	0.432448	1	0.29014	0	0.29014	1	0.138993	0	0.138993	1	*********************************************************************
*********************************************************************
deductile grid is :8
