deductile grid is :1
*********************************************************************
----------------------------------------------------------------------
---------------------------------raw data---------------------------- 
----------------------------------------------------------------------
index for the data:  S_Madicaid 	 S_Insurance 	 S_Madicaid_NI 	 S_Medcost 	 S_wequiv 	 S_medicare 	 S_med_joint_NI 	 S_med_joint 	 S_OOP 	 S_OOP_NI
8.51122	8.16435	7.60359	7.07388	6.36352	5.52377	4.53804	3.37403	2.10733	0.876802	
8.02086	8.02086	8.02086	8.02086	8.02086	8.02086	8.02086	8.02086	8.02086	8.02086	
16.5144	16.1545	15.2334	13.7776	12.2598	10.2863	7.9377	5.51738	2.91701	1.16299	
17.2186	17.2186	17.2186	17.2186	17.2186	17.2186	17.2186	17.2186	17.2186	17.2186	
0.00367481	0.00367481	0.00367481	-18.2075	-16.2462	-11.4119	-2.97797	6.37649	17.7472	25.5907	
3.02081	3.02081	3.02081	3.02081	3.02081	3.02081	3.02081	3.02081	3.02081	3.02081	
0.4028	0.4028	0.3981	0.3651	0.3188	0.2688	0.214	0.1531	0.0837	0.0354	
0.4023	0.4018	0.2665	0.2555	0.2345	0.2084	0.1773	0.1314	0.0847	0.0362	
0.238459	0.325163	3.29348	4.23168	6.20275	8.68272	11.6304	15.6416	19.594	23.6243	
0	0	0.0687711	0.66102	1.91711	4.01482	6.74519	9.9405	13.2361	15.6131	
EPDVMedical  wequive Mstar Istar  MUstar Istarnon 
17.507	17.507	17.507	17.507	17.507	17.507	17.507	17.507	17.507	17.507	
0.00367481	0.00367481	0.00367481	-18.2075	-16.2462	-11.4119	-2.97797	6.37649	17.7472	25.5907	
8.67643	8.32349	7.75172	7.20496	6.47847	5.6243	4.6302	3.44263	2.14953	0.877611	
8.13003	8.13003	8.13003	8.13003	8.13003	8.13003	8.13003	8.13003	8.13003	8.13003	
16.7899	16.4235	15.4939	14.0303	12.4708	10.4518	8.08993	5.65203	3.01943	1.16534	
0	0	0	0	0	0	0	0	0	0	
