5.66
5.19
4.87
5.56
6.99
7.00
6.16
8.70
8.51
5.85
5.48
6.68
5.02
4.46
5.07
4.72
4.26
4.83
5.35
5.15
5.15
5.06
5.00
6.05
5.99
7.73
8.79
8.00
8.20
8.70
10.30
11.20
11.16
10.07
9.85
10.81
9.37
8.49
9.19
10.41
11.58
12.08
13.35
12.57
11.61
10.34
9.68
10.24
7.97
6.67
6.21
6.07
5.49
5.72
6.50
6.46
6.76
6.36
5.89
5.98
5.28
5.11
5.20
5.13
5.50
5.72
5.52
5.35
5.37
5.15
4.93
4.85
4.87
4.78
4.86
4.97
5.47
5.52
5.57
6.01
6.38
6.72
6.71
6.99
7.05
6.94
7.03
7.14
7.57
7.92
8.14
8.20
8.82
9.40
10.49
11.00
10.59
10.44
10.39
10.48
10.47
10.45
10.75
11.35
12.13
14.27
14.32
14.34
14.25
14.82
17.98
17.74
10.70
9.28
9.12
10.07
11.36
13.44
16.24
20.77
19.34
17.02
15.03
15.94
18.97
18.42
18.98
18.63
16.86
15.53
13.06
12.90
13.68
15.52
14.80
15.15
14.73
14.97
13.67
10.77
11.18
10.11
9.47
9.29
8.89
8.89
9.17
9.10
8.86
9.47
9.66
9.83
9.65
9.42
9.49
10.02
9.57
9.71
10.15
10.57
10.87
11.34
11.57
11.61
11.50
10.41
9.23
8.67
8.17
8.63
8.85
8.50
7.96
7.53
7.78
7.89
8.02
7.98
8.02
8.13
8.04
7.88
7.51
6.92
6.89
6.98
6.60
6.13
5.94
5.88
5.99
6.68
6.13
6.26
6.39
6.55
6.96
7.01
6.70
6.71
7.36
7.53
6.87
8.03
6.89
6.66
6.69
6.92
7.18
7.53
7.85
8.19
8.19
8.23
8.46
9.49
9.13
9.39
9.98
9.88
9.67
9.41
9.02
8.82
8.88
8.68
8.45
8.65
8.20
8.19
8.29
8.32
8.22
8.19
8.09
7.99
8.09
8.02
7.94
8.32
7.13
6.50
6.44
6.03
5.82
5.96
5.90
5.63
5.49
5.21
4.84
4.83
4.07
4.04
4.21
3.98
3.77
3.81
3.33
3.29
3.14
3.10
3.20
3.56
3.09
3.03
3.06
3.04
3.02
3.09
3.05
3.06
3.05
3.06
3.06
3.22
3.03
3.27
3.50
3.71
4.18
4.27
4.43
4.57
4.82
4.96
5.36
5.99
5.82
5.99
6.03
6.02
5.98
5.95
5.81
5.78
5.73
5.74
5.72
5.74
5.45
5.20
5.26
5.32
5.30
5.33
5.31
5.28
5.35
5.26
5.26
5.48
5.33
5.27
5.40
5.56
5.56
5.56
5.54
5.50
5.58
5.52
5.56
5.82
5.51
5.51
5.56
5.54
5.52
5.53
5.51
5.51
5.43
5.21
5.13
5.42
4.86
4.81
4.81
4.80
4.78
4.93
5.07
5.20
5.31
5.32
5.49
6.30
5.71
5.80
5.97
6.07
6.47
6.58
6.54
6.53
6.54
6.53
6.54
6.58
5.79
5.44
5.06
4.76
4.08
3.83
3.74
3.55
2.94
2.41
2.06
1.88
1.74
1.78
1.83
1.79
1.78
1.78
1.77
1.74
1.77
1.75
1.37
1.35
1.28
1.26
1.24
1.26
1.25
1.08
1.04
1.05
1.06
1.05
1.04
1.08
1.03
1.02
1.02
1.02
1.03
1.18
1.35
1.52
1.72
1.84
2.06
2.32
2.42
2.55
2.75
2.92
3.03
3.19
3.36
3.54
3.72
3.95
4.14
4.34
4.48
4.58
4.75
4.91
5.07
5.24
5.37
5.33
5.32
5.32
5.32
5.35
5.32
5.32
5.32
5.31
5.32
5.32
5.32
5.53
5.50
5.01
4.83
5.23
3.93
3.17
2.87
2.97
2.63
2.66
2.65
2.61
4.01
4.93
2.08
1.75
0.89
0.77
0.98
0.94
0.71
0.65
0.56
0.46
0.40
0.35
0.30
0.32
0.30
0.28
0.28
0.30
0.38
0.44
0.44
0.37
0.34
0.34
0.33
0.32
0.32
0.32
0.30
0.26
0.26
0.24
0.22
0.25
0.33
0.35
0.35
0.35
0.35
0.34
0.34
0.33
0.30
0.30
0.31
0.31
0.30
0.28
0.27
0.27
0.24
0.24
0.23
0.23
0.22
0.22
0.22
0.22
0.22
0.22
