1
1
1
1
1
1
1.00354027100000
1.01231417800000
1.04564480800000
1.17181818200000
1.33863753700000
1.42055049000000
1.41277429500000
1.43205471300000
1.44480980500000
1.45692410600000
1.52674833300000
1.81827818600000
2.12298435600000
2.31737203400000
2.36817743500000
2.37046774000000
2.38871782200000
2.42754125600000
2.55165354300000
2.32697623000000
2.11798396300000
1.99840383100000
1.99156392000000
2.15259688100000
2.23625050200000
2.28004022100000
2.39993726500000
2.54610245000000
2.55024946500000
2.37058823500000
2.85925925900000
2.80285035600000
2.68301886800000
1.83850931700000
3.03947368400000
1.81481481500000
3.71428571400000
1.58823529400000
1
0
0