1.81758957700000
2.03199247200000
2.19741011200000
2.57656362300000
2.71309888700000
2.82239304800000
3.03389157000000
3.24151785700000
3.42704833600000
3.62562909700000
3.87335539600000
3.95634467500000
4.05984246500000
4.34758264600000
4.54282651700000
4.99155519500000
5.32568302300000
5.81648120700000
6.09838674700000
6.42462985300000
6.47883181400000
6.60154394300000
6.78623880900000
7.12585506900000
7.56680492700000
8.07146441100000
8.31685615400000
8.60923106800000
9.04750677800000
10.2601356400000
11.3218059600000
12.0389228900000
12.3184889400000
12.9417897500000
13.4159663900000
12.8704061900000
16.0740740700000
15.4845605700000
14.8943396200000
10.2546583900000
17.5657894700000
10.2962963000000
20.6785714300000
8.29411764700000
5.22222222200000
0
0