2.79124004600000
3.11136891000000
3.52234332400000
3.88501469100000
4.50882714200000
5.25657370500000
5.59580838300000
5.98680246100000
6.36553280900000
6.74201551500000
7.12422746100000
7.50145140100000
7.88689427600000
8.40687294300000
8.83413599500000
9.39179006300000
9.80403780700000
10.0312761410000
10.6519478090000
11.0345073940000
11.3913611300000
11.8889831570000
12.4368926990000
13.0291918640000
13.7337267630000
14.2337943510000
14.6848050740000
15.3262949140000
15.9920130620000
17.5532628840000
18.2121914960000
19.1806778940000
20.2255834050000
21.1346380070000
22.5805479450000
23.4996326230000
25.4649853090000
26.4755700330000
27.1503685500000
27.7882177480000
32.6334080720000
36.6385964910000
35.8278688520000
37.9734848480000
37.7714285710000
33.3333333330000
51.5176470590000